1024707
427136
449314
477244
480117
491346
521384
1144601
1169171
1215258
1225514
1228279
1233952
1237525
1254409
1019997
1215457
202828
86245
1195518
1239270
461587
536412
374204
322028
261054
45431
145910
121617
251054
566734
504833
1036720
1038998
1227612
1224700
1083069
479398
230316
531284
1189094
1215923
244095
1225919
486016
456906
152470
344141
178109
627978
1025496
1202454
1212252
1212232
1213031
1213449
334001
1052234
1203765
1196812
1166177
545874
620219
614600
521862
642730
245832
494223
1176061
1079694
1174491
1119894
1189011
1189117
6008
15759
203532
405120
405010
1187729
1178191
1179824
1046530
332355
1062481
1107517
584491
533565
651821
575789
505532
604183
514371
521047
1041905
1077804
1097281
434802
1049517
1075498
1081161
1099445
486253
1086786
633354
632810
640555
1049562
1063660
1073166
1073936
1074232
1076643
1078304
1082837
1085296
1088748
1090145
1087895
1087889
635851
281792
330239
94141
608773
1042559
1085845
1087302
1086599
1086613
627137
571423
1044652
100379
105037
123809
281593
1057852
1044352
1067114
448014
529529
224058
150987
124740
232765
1037523
647018
448694
1067641
475607
578240
635875
635863
638267
644124
644546
645348
648074
648201
1014379
1014489
1016513
1017177
1040809
1042544
1053449
1063647
413881
1067715
1022073
544857
1026278
1035557
1043012
1045418
1028403
586516
1049691
54747
1027955
1028412
1023747
1024950
1028413
1028414
1028415
1033465
1035033
147854
137903
148549
181739
92848
103751
450062
625795
595465
627663
635848
75415
480400
643777
190146
552254
523848
118648
525227
589357
627796
626334
586480
631353
139534
23520
15190
9624
83424
100716
124262
125563
206805
501982
547856
343908
544851
239027
479374
115965
87209
1173276
626489
600724
305124
612796
277369
377498
123901
571582
1147
196345
308595
218415
271913
220269
346832
266192
352722
422850
446025
545454
545455
81265
114318
151139
407087
277739
268055
622201
446322
524277
561950
594641
377532
323153
229813
531548
620851
586519
361858
575340
583216
584508
586511
586512
588829
589016
16324
368433
589577
590921
591653
594836
356793
1173816
409899
479020
379269
465460
320765
615049
616076
384308
617175
553583
553582
553436
548131
618742
618780
618775
549147
254738
230806
541135
483832
618039
428432
417190
191493
133028
615085
616140
616107
588777
389479
501643
614677
616256
1173863
225173
390353
132320
212907
480437
572023
573758
87128
448690
575504
578358
596436
475378
485870
574775
142464
540851
143736
223807
90367
6369
560241
235213
564536
510569
547224
539730
384894
568104
180045
478437
367914
548141
270555
216133
30110
517718
502497
502033
514356
348119
543565
130465
338356
260547
482299
531305
9491
446749
501682
352698
406811
96589
94612
13753
245798
179878
247046
132311
302471
465764
529750
181805
181806
502138
207846
525238
509690
511893
527354
455868
481553
525496
394449
508250
410841
210245
256600
495965
510153
467180
138355
494178
450077
506966
84746
504491
99360
501410
480142
498750
209825
475612
487286
45049
243484
69276
82526
456465
495529
408440
374461
474427
240412
405414
96277
438584
451610
445794
445600
457445
73840
172694
444971
196688
413806
475489
453957
467288
362057
314840
360026
187422
378259
456448
456911
395325
139312
96306
199578
410058
405724
365154
436319
438060
373170
206909
561
339137
340798
417922
399317
401656
146233
412921
271688
118870
388876
227276
419967
353553
180790
428392
428445
433296
371631
430397
266616
178384
415282
93931
301418
324516
422806
341290
84139
315089
333060
333837
404137
415589
222114
339981
2545
416888
402990
413203
366517
401338
405898
102914
91163
221997
121874
358720
230189
404858
92594
216464
42442
181745
282516
360069
239676
143452
391403
12337
235575
196581
250056
226909
331964
385378
273324
376409
350765
345433
209654
302261
276428
348126
187712
22675
2107
178208
292440
340836
330459
4718
9615
204299
269408
230414
69982
212987
265677
302226
314464
225642
152450
283443
298708
326930
320219
253665
323855
308294
306896
314883
323644
323861
325297
315946
291016
247561
247746
237137
315087
243921
314506
261258
143092
303724
307008
137244
305262
125424
289450
210075
9701
233716
144132
136991
203446
221219
95828
89538
150232
248684
293166
239332
4396
93298
113592
224406
23610
105502
179890
291914
